image: map_delta_both.pgm
resolution: 0.020000
origin: [-6.460000, -7.500000, -0.0]
negate: 0
occupied_thresh: 0.65
free_thresh: 0.196

