image: map_delta_front.pgm
resolution: 0.020000
origin: [-5.860000, -6.320000, 0.0]
negate: 0
occupied_thresh: 0.65
free_thresh: 0.196

