image: ship_deltamatic_10mm_slam.pgm
resolution: 0.010000
origin: [-15.330000, -14.120000, 0.0]
negate: 0
occupied_thresh: 0.65
free_thresh: 0.196

