image: double_wall_lmf.pgm
resolution: 0.020000
origin: [-19.460001, -5.620000, 0.0]
negate: 0
occupied_thresh: 0.65
free_thresh: 0.196

