image: hipercentro_van.pgm
resolution: 0.020000
origin: [-5.120000, -10.700000, 0.0]
negate: 0
occupied_thresh: 0.65
free_thresh: 0.196

