image: van_slam.pgm
resolution: 0.020000
origin: [-4.980000, -10.500000, 0.0]
negate: 0
occupied_thresh: 0.65
free_thresh: 0.196

